0,      600,    0.2
50,     350,    0.07
50,     900,    0.4
100,    500,    0.15
100,    750,    0.3
200,    200,    0.04
200,    650,    0.25
250,    150,    0.04
250,    250,    0.07
250,    550,    0.2
300,    0,      0.04
300,    50,     0.04
300,    300,    0.1 
300,    700,    0.3
300,    850,    0.4
350,    150,    0.07
350,    250,    0.1
400,    200,    0.1
400,    350,    0.15
400,    550,    0.25
400,    650,    0.3
450,    300,    0.15
500,    750,    0.4
550,    100,    0.15
600,    1000,   0.6    
650,    50,     0.2
650,    800,    0.5
700,    200,    0.25
700,    350,    0.3
700,    750,    0.5
800,    150,    0.3
800,    450,    0.4
800,    850,    0.6
850,    600,    0.5
850,    800,    0.6
900,    550,    0.5
950,    150,    0.4
1000,   400,    0.5
1050,   550,    0.6
1100,   0,      0.5
1100,   50,     0.5
0,      2250,   1.5
0,      4000,   3
250,    4500,   3.5
1000,   1000,   0.8
1000,   2000,   1.5
1000,   3250,   2.5
1250,   2500,   2
1250,   3750,   3
1500,   0,      0.8
1500,   750,    1
1750,   4750,   4
2000,   1000,   1.5
2000,   2000,   2
2000,   2750,   2.5
2250,   1750,   2
2250,   4000,   3.5
2750,   2000,   2.5
3250,   1000,   2.5
3250,   2250,   3
3500,   500,    2.5
3500,   3750,   4
3750,   1250,   3
3750,   3500,   4
3750,   4250,   4.5
4000,   750,    3
4500,   1000,   3.5
4500,   3500,   4.5
5000,   2750,   4.5
5250,   500,    4
5250,   2250,   4.5
5750,   750,    4.5
 


